# oST version 5.0 parameters


[image]

width
1280

height
720

[hik_rgb_cam_ds2t]

camera matrix
1581.025564 0.000000 640.533287
0.000000 1564.871860 365.006119
0.000000 0.000000 1.000000

distortion
-1.340220 1.670823 0.009793 0.005667 0.000000

rectification
1.000000 0.000000 0.000000
0.000000 1.000000 0.000000
0.000000 0.000000 1.000000

projection
1188.730103 0.000000 651.546860 0.000000
0.000000 1443.800171 369.275560 0.000000
0.000000 0.000000 1.000000 0.000000
