image_width: 1280
image_height: 720
camera_name: hik_rgb_cam_ds2t
camera_matrix:
  rows: 3
  cols: 3
  data: [1581.02556,    0.     ,  640.53329,
            0.     , 1564.87186,  365.00612,
            0.     ,    0.     ,    1.     ]
camera_model: plumb_bob
distortion_model: plumb_bob
distortion_coefficients:
  rows: 1
  cols: 5
  data: [-1.340220, 1.670823, 0.009793, 0.005667, 0.000000]
rectification_matrix:
  rows: 3
  cols: 3
  data: [1., 0., 0.,
         0., 1., 0.,
         0., 0., 1.]
projection_matrix:
  rows: 3
  cols: 4
  data: [1188.7301 ,    0.     ,  651.54686,    0.     ,
            0.     , 1443.80017,  369.27556,    0.     ,
            0.     ,    0.     ,    1.     ,    0.     ]
